$ 1 0.000005 49.687244006919805 50 5 50 5e-11
x -8 327 37 330 4 24 Y(0)
x -7 426 38 429 4 24 Y(1)
R -320 336 -384 336 0 2 60 5 5 0 0.5
R -320 432 -384 432 0 2 90 5 5 0 0.5
O -64 320 -32 320 0 0
O -64 416 -32 416 0 0
x -341 328 -324 331 4 24 C
x -341 423 -324 426 4 24 D
x -341 231 -325 234 4 24 B
x -341 136 -325 139 4 24 A
R -320 240 -384 240 0 2 30 5 5 0 0.5
R -320 144 -384 144 0 2 1 5 5 0 0.5
152 -224 320 -64 320 0 2 5 5
152 -224 416 -64 416 0 2 0 5
w -320 240 -256 240 0
w -256 240 -256 304 0
w -288 336 -288 400 0
w -288 400 -224 400 0
w -320 336 -288 336 0
w -224 336 -256 336 0
w -256 336 -256 432 0
w -320 432 -256 432 0
w -256 432 -224 432 0
w -256 304 -224 304 0
o 10 64 0 4102 10 0.1 0 2 10 3 B
o 2 64 0 4102 10 0.1 0 2 2 3 C
o 3 64 0 4102 10 0.1 0 2 3 3 D
o 4 64 0 4102 5 0.1 0 1 Y(0)
o 5 64 0 4102 5 0.1 0 1 Y(1)
