$ 1 0.000005 49.687244006919805 50 5 50 5e-11
x -40 343 -24 346 4 24 S
x -39 442 -22 445 4 24 C
O -96 336 -64 336 0 0
O -96 432 -64 432 0 0
x -374 195 -358 198 4 24 B
x -294 196 -278 199 4 24 A
R -368 256 -368 224 0 2 30 5 5 0 0.5
R -288 256 -288 224 0 2 15 5 5 0 0.5
154 -224 336 -96 336 0 2 0 5
150 -224 432 -96 432 0 2 5 5
w -288 320 -288 416 0
w -288 416 -224 416 0
w -224 320 -272 320 0
w -272 320 -288 320 0
w -224 352 -368 352 0
w -224 448 -368 448 0
w -288 320 -288 256 0
w -368 256 -368 352 0
w -368 352 -368 448 0
o 7 64 0 4102 10 0.1 0 2 7 3 A
o 6 64 0 4102 10 0.1 0 2 6 3 B
o 2 64 0 4102 5 0.1 0 1 S
o 3 64 0 4102 5 0.1 0 1 C
