$ 1 0.000005 1.8479586061009856 50 5 50 5e-11
w -48 272 -48 304 0
w -48 304 -160 368 0
w -48 400 -48 368 0
w -48 368 -160 304 0
w -160 304 -160 288 0
w -160 368 -160 384 0
x -188 248 -171 251 4 24 R
x -38 262 -20 265 4 24 Q
x -185 409 -169 412 4 24 S
x -32 391 -14 394 6 24 Q
153 -160 272 -48 272 0 2 0 5
153 -160 400 -48 400 0 2 0 5
w -48 272 0 272 0
w -48 400 0 400 0
R -160 256 -224 256 0 2 30 5 5 1.5707963267948966 0.5
R -160 416 -224 416 0 2 30 5 5 0 0.5
O 0 272 32 272 0 0
O 0 400 32 400 0 0
o 14 64 0 4102 10 0.1 0 2 14 3 R
o 15 64 0 4102 10 0.1 0 2 15 3 S
o 16 64 0 4102 5 0.1 0 1 Q
o 17 64 0 4102 5 0.1 0 1 Q!
