$ 1 0.000005 1.500424758475255 50 5 50 5e-11
154 240 80 368 80 0 2 5 5
w 176 96 208 96 0
w 208 96 240 96 0
w 240 -16 176 -16 0
w 240 64 176 64 0
w 176 64 176 48 0
w 176 -16 176 48 0
w -16 96 48 96 0
w 240 16 208 16 0
w 208 16 208 96 0
w 368 80 768 80 0
150 240 0 368 0 0 2 0 5
152 368 224 496 224 0 2 0 5
150 240 240 368 240 0 2 0 5
150 48 192 192 192 0 2 0 5
w 368 320 480 320 0
w 208 256 208 336 0
w 240 256 208 256 0
w 368 192 368 208 0
w 16 208 16 352 0
w 48 208 16 208 0
w -16 320 48 320 0
w -16 176 -16 320 0
w 48 176 -16 176 0
w 16 352 48 352 0
w 192 192 368 192 0
w 176 224 176 288 0
w 176 288 48 288 0
w 176 304 176 288 0
w 240 304 176 304 0
w 240 224 176 224 0
w 208 336 240 336 0
w 176 336 208 336 0
154 240 320 368 320 0 2 5 5
154 48 336 176 336 0 2 0 5
152 368 464 496 464 0 2 0 5
150 240 480 368 480 0 2 0 5
150 48 432 192 432 0 2 0 5
w 368 560 480 560 0
w 208 496 208 576 0
w 240 496 208 496 0
w 368 432 368 448 0
w 16 448 16 592 0
w 48 448 16 448 0
w -16 560 48 560 0
w -16 416 -16 560 0
w 48 416 -16 416 0
w 16 592 48 592 0
w 192 432 368 432 0
w 176 464 176 528 0
w 176 528 48 528 0
w 176 544 176 528 0
w 240 544 176 544 0
w 240 464 176 464 0
w 208 576 240 576 0
w 176 576 208 576 0
154 240 560 368 560 0 2 5 5
154 48 576 176 576 0 2 0 5
w 48 64 -112 64 0
w -16 96 -112 96 0
w 48 288 -112 288 0
w 16 352 -112 352 0
w -16 320 -112 320 0
w 48 528 -112 528 0
w -16 560 -112 560 0
w 16 592 -112 592 0
419 768 80 784 80 2048 4
L -112 64 -176 64 0 1 false 5 0
L -112 96 -176 96 0 0 false 5 0
x 375 -10 405 -7 4 24 Co
x 377 71 406 74 4 24 S1
x -60 55 -31 58 4 24 A1
x -61 86 -32 89 4 24 B1
w 496 0 496 144 0
w 496 144 -128 144 0
w -128 144 -128 352 0
w -128 352 -112 352 0
w 480 320 640 320 0
w 640 320 640 112 0
w 640 112 768 112 0
w 480 560 688 560 0
w 688 560 688 160 0
w 688 160 688 144 0
w 688 144 768 144 0
w 496 464 736 464 0
w 736 464 736 176 0
w 736 176 768 176 0
w 496 224 496 384 0
w 496 384 -128 384 0
w -128 384 -128 592 0
w -128 592 -112 592 0
x -58 345 -36 348 4 24 Ci
x -54 280 -25 283 4 24 A2
x -55 311 -26 314 4 24 B2
x -56 585 -34 588 4 24 Ci
x -52 520 -23 523 4 24 A3
x -53 551 -24 554 4 24 B3
x 375 309 404 312 4 24 S2
x 371 547 400 550 4 24 S3
x 464 216 494 219 4 24 Co
x 464 456 494 459 4 24 Co
L -112 560 -176 560 0 0 false 5 0
L -112 528 -176 528 0 1 false 5 0
L -112 288 -176 288 0 1 false 5 0
L -112 320 -176 320 0 0 false 5 0
w 368 0 496 0 0
w 48 64 176 64 0
w 48 96 176 96 0
