$ 1 0.000005 49.687244006919805 50 5 50 5e-11
w 0 288 0 320 0
w 0 320 -112 384 0
w 0 416 0 384 0
w 0 384 -112 320 0
w -112 320 -112 304 0
w -112 384 -112 400 0
x -111 263 -94 266 4 24 R
x 10 278 28 281 4 24 Q
x -111 457 -95 460 4 24 S
x 16 407 34 410 6 24 Q
153 -112 288 0 288 0 2 0 5
153 -112 416 0 416 0 2 5 5
w 0 288 48 288 0
w 0 416 48 416 0
R -320 256 -384 256 0 2 30 5 5 1.5707963267948966 0.5
R -320 352 -384 352 0 2 30 5 5 0 0.5
O 48 288 80 288 0 0
O 48 416 80 416 0 0
150 -208 272 -112 272 0 2 5 5
150 -208 432 -112 432 0 2 0 5
I -288 256 -208 256 0 0.5 5
w -320 256 -288 256 0
w -320 352 -240 352 0
w -208 288 -240 288 0
w -208 416 -240 416 0
w -240 416 -240 352 0
w -240 288 -240 352 0
w -288 256 -288 448 0
w -288 448 -208 448 0
x -341 248 -324 251 4 24 D
x -341 343 -325 346 4 24 E
o 14 64 0 4102 10 0.1 0 2 14 3 R
o 15 64 0 4102 10 0.1 0 2 15 3 S
o 16 64 0 4102 5 0.1 0 1 Q
o 17 64 0 4102 5 0.1 0 1 Q!
